36
e 4 3 4 4 b 2 4 1 2
a 1 4 2 3 d 2 1 4 2
d 2 2 2 4 a 2 2 4 4
c 1 1 3 3 b 4 3 4 4
b 3 1 2 4 a 1 1 2 3
a 1 1 3 2 c 2 2 2 1
a 1 2 2 3 d 2 4 3 1
a 3 4 2 2 c 4 3 3 2
e 1 2 2 3 d 3 4 4 4
e 4 4 3 1 c 3 4 1 1
b 1 2 4 2 a 4 3 4 2
b 3 1 2 1 a 4 1 4 3
a 4 3 2 3 c 4 4 2 4
a 3 4 3 2 c 2 2 1 1
d 2 2 1 3 e 2 4 3 1
d 3 2 1 1 c 4 4 4 2
a 3 2 3 1 d 3 4 3 3
a 3 2 3 4 b 4 1 3 3
a 4 3 1 4 c 2 1 3 3
a 4 1 2 3 b 4 4 1 4
e 1 3 3 1 a 3 1 3 4
c 3 4 3 2 a 1 3 4 4
d 4 1 2 1 b 3 1 4 4
d 1 3 1 1 e 1 1 3 4
e 2 1 4 3 b 2 2 3 1
e 4 4 1 1 c 2 1 4 1
a 3 2 2 3 d 2 2 4 1
b 1 3 2 4 e 2 3 2 4
c 3 2 3 3 b 2 1 3 2
e 1 4 1 2 d 2 2 3 1
d 2 3 3 3 c 2 4 1 3
e 3 1 4 1 c 3 2 1 1
e 4 3 1 4 b 4 2 2 2
e 1 4 2 3 d 3 2 1 1
d 1 3 4 3 e 4 4 3 2
a 1 3 3 3 b 3 3 3 2
